v2.0 raw
00000D00
00009200
00002400
00102000
00200000
00408800
00000040
00000000
00000000
00000000
00000000
00000000
00000000
00000000
00000000
00000000
00000D00
00009200
00002400
00102000
00200000
00800800
00804000
00000040
00000000
00000000
00000000
00000000
00000000
00000000
00000000
00000000
00000D00
00009200
00002400
00102000
00200000
00800000
20008800
00400000
00000040
00000000
00000000
00000000
00000000
00000000
00000000
00000000
00000D00
00009200
00002400
00102000
00200000
00040000
00021800
00004100
00002080
00000040
00000000
00000000
00000000
00000000
00000000
00000000
00000D00
00009200
00002400
00102000
00200000
00002000
00002080
00000040
00000000
00000000
00000000
00000000
00000000
00000000
00000000
00000000
00000D00
00009200
00002400
00102000
00200000
00000002
00000002
00000040
00000000
00000000
00000000
00000000
00000000
00000000
00000000
00000000
00000D00
00009200
00002400
00102000
00200000
00000006
00000006
00000040
00000000
00000000
00000000
00000000
00000000
00000000
00000000
00000000
00000000
00000000
00000000
00000000
00000000
00000000
00000000
00000000
00000000
00000000
00000000
00000000
00000000
00000000
00000000
00000000
00000000
00000000
00000000
00000000
00000000
00000000
00000000
00000000
00000000
00000000
00000000
00000000
00000000
00000000
00000000
00000000
00000000
00000000
00000000
00000000
00000000
00000000
00000000
00000000
00000000
00000000
00000000
00000000
00000000
00000000
00000000
00000000
00000000
00000000
00000000
00000000
00000000
00000000
00000000
00000000
00000000
00000000
00000000
00000000
00000000
00000000
00000000
00000000
00000000
00000000
00000000
00000000
00000000
00000000
00000000
00000000
00000000
00000000
00000000
00000000
00000000
00000000
00000000
00000000
00000000
00000000
00000000
00000000
00000000
00000000
00000000
00000000
00000000
00000000
00000000
00000000
00000000
00000000
00000000
00000000
00000000
00000000
00000000
00000000
00000000
00000000
00000000
00000000
00000000
00000000
00000000
00000000
00000000
00000000
00000000
00000000
00000000
00000000
00000000
00000000
00000000
00000000
00000000
00000000
00000000
00000000
00000000
00000000
00000000
00000000
00000000
00000000
00000000
00000000
00000000
00000000
00000000
00000000
00000000
00000000
00000000
00000000
00000000
00000000
00000000
00000000
00000000
00000000
00000000
00000000
00000000
00000000
00000000
00000000
00000000
00000000
00000000
00000000
00000000
00000000
00000000
00000000
00000000
00000000
00000000
00000000
00000000
00000000
00000000
00000000
00000000
00000000
00000000
00000000
00000000
00000000
00000000
00000000
00000000
00000000
00000000
00000000
00000000
00000000
00000000
00000000
00000000
00000000
00000000
00000000
00000000
00000000
00000000
00000000
00000000
00000000
00000000
00000000
00000000
00000000
00000000
00000000
00000000
00000000
00000000
00000000
00000000
00000000
00000000
00000000
00000000
00000000
00000000
00000000
00000000
00000000
00000000
00000000
00000000
00000000
00000000
00000000
00000000
00000000
00000000
00000000
00000000
00000000
00000000
00000000
00000000
00000000
00000000
00000000
00000000
00000000
00000000
00000000
00000000
00000000
00000000
00000000
00000000
00000000
00000000
00000000
00000000
00000000
00000000
00000000
00000000
00000000
00000000
00000000
00000000
00000000
00000000
00000000
00000000
00000000
00000000
00000000
00000000
00000000
00000000
00000000
00000000
00000000
00000000
00000000
00000000
00000000
00000000
00000000
00000000
00000000
00000000
00000000
00000000
00000000
00000000
00000000
00000000
00000000
00000000
00000000
00000000
00000000
00000000
00000000
00000000
00000000
00000000
00000000
00000000
00000000
00000000
00000000
00000000
00000000
00000000
00000000
00000000
00000000
00000000
00000000
00000000
00000000
00000000
00000000
00000000
00000000
00000000
00000000
00000000
00000000
00000000
00000000
00000000
00000000
00000000
00000000
00000000
00000000
00000000
00000000
00000000
00000000
00000000
00000000
00000000
00000000
00000000
00000000
00000000
00000000
00000000
00000000
00000000
00000000
00000000
00000000
00000000
00000000
00000000
00000000
00000000
00000000
00000000
00000000
00000000
00000000
00000000
00000000
00000000
00000000
00000000
00000000
00000000
00000000
00000000
00000000
00000000
00000000
00000000
00000000
00000000
00000000
00000000
00000000
00000000
00000000
00000000
00000000
00000000
00000000
00000000
00000000
00000000
00000000
00000000
00000000
00000000
00000000
00000000
00000000
00000000
00000000
00000000
00000000
00000000
00000000
00000000
00000000
00000000
00000000
00000000
00000000
00000000
00000000
00000000
00000000
00000000
00000000
00000D00
00009200
00002400
00102000
00200000
00800000
00802000
02002000
12002000
20002000
20402000
00000040
00000040
00000000
00000000
00000000
00000D00
00009200
00002400
00102000
00200000
00800000
00802000
02002000
12002000
20002000
20402000
00000040
00000040
00000000
00000000
00000000
00000D00
00009200
00002400
00102000
00200000
00800000
00802000
02002000
12002000
20002000
20402000
00000040
00000040
00000000
00000000
00000000
00000D00
00009200
00002400
00102000
00200000
00800000
00802000
02002000
12002000
20002000
20402000
00000040
00000040
00000000
00000000
00000000
00000D00
00009200
00002400
00102000
00200000
02000000
02400000
00000040
00000000
00000000
00000000
00000000
00000000
00000000
00000000
00000000
00000D00
00009200
00002400
00102000
00200000
00800000
01800000
00000040
00000000
00000000
00000000
00000000
00000000
00000000
00000000
00000000
00000D00
00009200
00002400
00102000
00200000
00040000
00020C00
00404000
00000040
00000000
00000000
00000000
00000000
00000000
00000000
00000000
00000D00
00009200
00002400
00102000
00200000
00020C00
00408000
00080000
00000040
00000000
00000000
00000000
00000000
00000000
00000000
00000000
00000D00
00009200
00002400
00102000
00200000
00020C00
00008080
00080000
00000040
00000000
00000000
00000000
00000000
00000000
00000000
00000000
00000D00
00009200
00002400
00102000
00200000
40002000
80400000
00000040
00000000
00000000
00000000
00000000
00000000
00000000
00000000
00000000
00000D00
00009200
00002400
00102000
00200040
00000000
00000000
00000000
00000000
00000000
00000000
00000000
00000000
00000000
00000000
00000000
00000D00
00009200
00002400
00102000
00200000
00802000
C0802000
80402000
00000040
00000000
00000000
00000000
00000000
00000000
00000000
00000000
00000D00
00009200
00002400
00102000
00200000
00802000
C0802000
00402000
00000040
00000000
00000000
00000000
00000000
00000000
00000000
00000000
00000D00
00009200
00002400
00102000
00200000
00802000
C0802000
00402000
00000040
00000000
00000000
00000000
00000000
00000000
00000000
00000000
00000D00
00009200
00002400
00102000
00200000
00802000
C0802000
00402000
00000040
00000000
00000000
00000000
00000000
00000000
00000000
00000000
00000D00
00009200
00002400
00102000
00200000
00000000
00000020
00000000
00000000
00000000
00000000
00000000
00000000
00000000
00000000
00000000
00000D00
00009200
00002400
00102000
00200000
04002000
04400000
00000040
00000000
00000000
00000000
00000000
00000000
00000000
00000000
00000000
00000D00
00009200
00002400
00102000
00200000
00802000
08800000
00000040
00000000
00000000
00000000
00000000
00000000
00000000
00000000
00000000